model  k    m   drift_mc        se  drift_formula  n_batches  B  d   N  gamma  a  ratio  z_score
    A  1 0.05    0.01888 0.0002004        0.01899      50000 64 16 128    0.1  1  0.994  -0.5677
    A  1  0.1    0.03797 0.0002035        0.03798      50000 64 16 128    0.1  1 0.9997 -0.06037
    A  1  0.2    0.07595  0.000222        0.07597      50000 64 16 128    0.1  1 0.9997   -0.101
    A  1  0.4     0.1519  0.000286         0.1519      50000 64 16 128    0.1  1 0.9996  -0.2256
    A  2 0.05  6.769e-05 8.196e-05      3.231e-05      50000 64 16 128    0.1  1  2.095   0.4317
    A  2  0.1  0.0007304 9.608e-05      0.0006334      50000 64 16 128    0.1  1  1.153     1.01
    A  2  0.2   0.005658 0.0001411       0.005818      50000 64 16 128    0.1  1 0.9726   -1.128
    A  2  0.4    0.04787 0.0003604        0.04804      50000 64 16 128    0.1  1 0.9965  -0.4608
    A  3 0.05 -1.639e-05 0.0001191     -0.0001424      50000 64 16 128    0.1  1 0.1151    1.058
    A  3  0.1 -3.304e-05 0.0001128     -0.0002868      50000 64 16 128    0.1  1 0.1152    2.249
    A  3  0.2 -0.0003021 0.0002567     -0.0003355      50000 64 16 128    0.1  1 0.9003   0.1303
    A  3  0.4   0.009587  0.000638       0.009377      50000 64 16 128    0.1  1  1.022   0.3287
    B  1 0.05          2  0.001899              2      50000 64 16 128    0.1  1      1   0.1799
    B  1  0.1      2.001   0.00187              2      50000 64 16 128    0.1  1  1.001   0.6704
    B  1  0.2      1.996  0.001825              2      50000 64 16 128    0.1  1 0.9979   -2.269
    B  1  0.4      2.002  0.001735              2      50000 64 16 128    0.1  1  1.001   0.9655
    B  2 0.05     0.2004  0.003883            0.2      50000 64 16 128    0.1  1  1.002    0.099
    B  2  0.1     0.3998  0.003898            0.4      50000 64 16 128    0.1  1 0.9994 -0.05791
    B  2  0.2     0.8001  0.004014            0.8      50000 64 16 128    0.1  1      1  0.01724
    B  2  0.4      1.597  0.004338            1.6      50000 64 16 128    0.1  1 0.9983  -0.6406
    B  3 0.05     0.0175   0.01152          0.015      50000 64 16 128    0.1  1  1.166   0.2167
    B  3  0.1    0.04859   0.01143           0.06      50000 64 16 128    0.1  1 0.8098  -0.9988
    B  3  0.2     0.2387   0.01124           0.24      50000 64 16 128    0.1  1 0.9945  -0.1176
    B  3  0.4     0.9605    0.0118           0.96      50000 64 16 128    0.1  1  1.001  0.04273
model  k  slope_mc  slope_mc_se  slope_formula  slope_formula_se  predicted
    A  1     1.002        0.001          1.000             0.000          1
    A  2     3.135        0.070          3.481             0.208          3
    A  3       NaN          NaN            NaN               NaN          5
    B  1    -0.000        0.001         -0.000             0.000          0
    B  2     0.999        0.001          1.000             0.000          1
    B  3     1.963        0.115          2.000             0.000          2
