--- all d
model  k  eta0  n_d  d_min  d_max  slope  slope_se  intercept    r2  predicted
    A  1 0.500    5      8    128  2.775     0.245     -0.975 0.977      2.000
    A  1 1.000    5      8    128  2.766     0.243     -1.637 0.977      2.000
    A  1 2.000    5      8    128  2.824     0.256     -2.572 0.976      2.000
    A  2 0.500    5      8     48  3.113     0.053     -0.018 0.999      3.000
    A  2 1.000    7      8     96  3.354     0.444     -1.284 0.919      3.000
    A  2 2.000    7      8     96  3.435     0.512     -2.204 0.900      3.000
    B  1 0.500    5      8    128  2.455     0.285     -2.636 0.961      1.500
    B  1 1.000    5      8    128  2.457     0.282     -3.340 0.962      1.500
    B  1 2.000    5      8    128  2.376     0.231     -3.698 0.972      1.500
    B  2 0.500    5      8    128  2.401     0.118     -1.926 0.993      2.000
    B  2 1.000    5      8    128  2.488     0.151     -2.970 0.989      2.000
    B  2 2.000    5      8    128  2.397     0.131     -3.276 0.991      2.000
--- d >= 16
model  k  eta0  n_d  d_min  d_max  slope  slope_se  intercept    r2  predicted
    A  1 0.500    4     16    128  2.680     0.413     -0.581 0.955      2.000
    A  1 1.000    4     16    128  2.689     0.414     -1.314 0.955      2.000
    A  1 2.000    4     16    128  2.705     0.427     -2.077 0.953      2.000
    A  2 0.500    4     16     48  3.152     0.106     -0.155 0.998      3.000
    A  2 1.000    6     16     96  3.471     0.697     -1.737 0.861      3.000
    A  2 2.000    6     16     96  3.562     0.805     -2.696 0.830      3.000
    B  1 0.500    4     16    128  1.966     0.064     -0.602 0.998      1.500
    B  1 1.000    4     16    128  1.973     0.058     -1.325 0.998      1.500
    B  1 2.000    4     16    128  1.980     0.056     -2.049 0.998      1.500
    B  2 0.500    4     16    128  2.313     0.184     -1.559 0.987      2.000
    B  2 1.000    4     16    128  2.302     0.183     -2.196 0.987      2.000
    B  2 2.000    4     16    128  2.326     0.216     -2.978 0.983      2.000
--- per-seed regression (supplementary)
model  k  eta0  n_runs  coef_logd  se_logd  coef_logm0  se_logm0  resid_sd
    A  1 0.500      20      2.426    0.195      -0.444     0.085     0.616
    A  1 1.000      20      2.423    0.202      -0.427     0.088     0.639
    A  1 2.000      20      2.420    0.201      -0.415     0.087     0.638
    A  2 0.500      18      2.016    0.168      -2.644     0.091     0.285
    A  2 1.000      25      2.129    0.098      -2.471     0.088     0.304
    A  2 2.000      27      2.383    0.131      -2.010     0.096     0.444
    B  1 0.500      20      2.119    0.055      -0.158     0.033     0.183
    B  1 1.000      20      2.112    0.054      -0.152     0.032     0.178
    B  1 2.000      20      2.109    0.053      -0.148     0.031     0.174
    B  2 0.500      20      2.273    0.108      -0.544     0.071     0.347
    B  2 1.000      20      2.302    0.120      -0.500     0.079     0.385
    B  2 2.000      20      2.324    0.125      -0.478     0.083     0.402
